5.000000000000000000e+00
1.500000000000000000e+01
2.500000000000000000e+01
3.500000000000000000e+01
4.500000000000000000e+01
5.500000000000000000e+01
6.500000000000000000e+01
7.500000000000000000e+01
8.500000000000000000e+01
9.500000000000000000e+01
1.050000000000000000e+02
1.150000000000000000e+02
1.250000000000000000e+02
1.350000000000000000e+02
1.450000000000000000e+02
1.550000000000000000e+02
1.650000000000000000e+02
1.750000000000000000e+02
1.850000000000000000e+02
1.950000000000000000e+02
2.050000000000000000e+02
2.150000000000000000e+02
2.250000000000000000e+02
2.361228179931640057e+02
2.505999755859380116e+02
2.706208190917969887e+02
2.983049316406250000e+02
3.356756286621089771e+02
3.846342773437500000e+02
4.469366455078119884e+02
5.241705932617189774e+02
6.177363281250000000e+02
7.288284912109379547e+02
8.584215087890620453e+02
1.007257080078119998e+03
1.175834838867190001e+03
1.364406250000000000e+03
1.572971313476559999e+03
1.801278686523440001e+03
2.048828613281250000e+03
2.314879150390619998e+03
2.598456298828119998e+03
2.898365234375000000e+03
3.213205810546880002e+03
3.541389892578119998e+03
3.881162109375000000e+03
4.230620605468750000e+03
4.587742675781250000e+03
4.950408691406250000e+03
5.316428710937500000e+03
