   -0.79502E+02
   -0.76526E+02
   -0.73604E+02
   -0.70772E+02
   -0.68057E+02
   -0.65484E+02
   -0.63068E+02
   -0.60818E+02
   -0.58734E+02
   -0.56807E+02
   -0.55022E+02
   -0.53354E+02
   -0.51776E+02
   -0.50252E+02
   -0.48748E+02
   -0.47224E+02
   -0.45646E+02
   -0.43978E+02
   -0.42193E+02
   -0.40266E+02
   -0.38182E+02
   -0.35932E+02
   -0.33516E+02
   -0.30943E+02
   -0.28228E+02
   -0.25396E+02
   -0.22474E+02
   -0.19498E+02
   -0.16507E+02
   -0.13580E+02
   -0.10821E+02
   -0.83246E+01
   -0.61584E+01
   -0.43584E+01
   -0.29246E+01
   -0.18213E+01
   -0.98017E+00
   -0.30739E+00
    0.30739E+00
    0.98017E+00
    0.18213E+01
    0.29246E+01
    0.43584E+01
    0.61584E+01
    0.83246E+01
    0.10821E+02
    0.13580E+02
    0.16507E+02
    0.19499E+02
    0.22485E+02
    0.25440E+02
    0.28342E+02
    0.31174E+02
    0.33917E+02
    0.36558E+02
    0.39085E+02
    0.41488E+02
    0.43764E+02
    0.45909E+02
    0.47927E+02
    0.49821E+02
    0.51601E+02
    0.53279E+02
    0.54869E+02
    0.56387E+02
    0.57854E+02
    0.59288E+02
    0.60714E+02
    0.62167E+02
    0.63695E+02
    0.65344E+02
    0.67152E+02
    0.69147E+02
    0.71349E+02
    0.73763E+02
    0.76383E+02
    0.79190E+02
    0.82157E+02
    0.85244E+02
    0.88406E+02
